   5.0796351e+02
   5.2596786e+02
   5.5168620e+02
   5.6223267e+02
   5.6926868e+02
   5.7610883e+02
   5.8471174e+02
   5.9168748e+02
   5.9620740e+02
   6.0010960e+02
   6.0955623e+02
   6.2527048e+02
   6.3539510e+02
   6.4737288e+02
   6.4886446e+02
   6.5043136e+02
   6.5193800e+02
   6.5345971e+02
   6.5499648e+02
   6.5656339e+02
   6.5807003e+02
   6.5965200e+02
   6.6115864e+02
   6.676e+02
   6.681e+02
   6.7288029e+02
   6.7444720e+02
   6.7602917e+02
   6.7758101e+02
   6.7919311e+02
   6.8077509e+02
   6.8238719e+02
   6.8398423e+02
   6.8558127e+02
   6.8716324e+02
   6.8873014e+02
   6.9038745e+02
   6.9195435e+02
   6.9516350e+02
   6.9841784e+02
   7.0373627e+02
   7.0536345e+02
   7.0815073e+02
   7.1345410e+02
   7.2041478e+02
   7.2249394e+02
   7.3088592e+02
   7.4063388e+02
   7.5041197e+02
   7.7692883e+02
   7.8066530e+02
   1.1288497e+03
   1.1745461e+03
   1.1814315e+03
   1.2122422e+03
   1.2603492e+03
   1.2699465e+03
   1.2717846e+03
   1.2873934e+03
   1.2882371e+03
   1.2905423e+03
   1.2967045e+03
   1.3081700e+03
   1.3125543e+03
   1.3135638e+03
   1.3147389e+03
   1.3169688e+03
   1.3189274e+03
   1.3200574e+03
   1.3208559e+03
   1.3233117e+03
   1.3298957e+03
   1.3366605e+03
   1.3378960e+03
   1.3385438e+03
   1.3391465e+03
   1.3395081e+03
   1.3401710e+03
   1.3404723e+03
   1.3493615e+03
   1.3548457e+03
   1.3580247e+03
   1.3610832e+03
   1.3626049e+03
   1.3630719e+03
   1.3632527e+03
   1.3686164e+03
   1.3722624e+03
   1.3737691e+03
   1.3750799e+03
   1.3780178e+03
   1.3795696e+03
   1.3820556e+03
   1.3864701e+03
   1.3875247e+03
   1.3910201e+03
   1.3944703e+03
   1.3957962e+03
   1.3977397e+03
   1.3992012e+03
   1.4049867e+03
   1.4099586e+03
   1.4114953e+03
   1.4119624e+03
   1.4160906e+03
   1.4172507e+03
   1.4174918e+03
   1.4189231e+03
   1.4194956e+03
   1.4236991e+03
   1.4241210e+03
   1.4282642e+03
   1.4299366e+03
   1.4319856e+03
   1.4331910e+03
   1.4356468e+03
   1.4364754e+03
   1.4368069e+03
   1.4451085e+03
   1.4464795e+03
   1.4479410e+03
   1.4520541e+03
   1.4545702e+03
   1.4552934e+03
   1.4565137e+03
   1.4568904e+03
   1.4582614e+03
   1.4592558e+03
   1.4648907e+03
   1.4714747e+03
   1.4720472e+03
   1.4735086e+03
   1.4743523e+03
   1.4761302e+03
   1.4764164e+03
   1.4812377e+03
   1.4861493e+03
   1.4873396e+03
   1.4890421e+03
   1.4892982e+03
   1.4898406e+03
   1.4908199e+03
   1.4962438e+03
   1.4988051e+03
   1.5005377e+03
   1.5018335e+03
   1.5056001e+03
   1.5066246e+03
   1.5070464e+03
   1.5074382e+03
   1.5077998e+03
   1.5085531e+03
   1.5097734e+03
   1.5105268e+03
   1.5122895e+03
   1.5149864e+03
   1.5157699e+03
   1.5162821e+03
   1.5167040e+03
   1.5174272e+03
   1.5177737e+03
   1.5201542e+03
   1.5212691e+03
   1.5226854e+03
   1.5236345e+03
   1.5248097e+03
   1.5254877e+03
   1.5273107e+03
   1.5285612e+03
   1.5316348e+03
   1.5331716e+03
   1.5339098e+03
   1.5354767e+03
   1.5382941e+03
   1.5390475e+03
   1.5402980e+03
   1.5421511e+03
   1.5434770e+03
   1.5444262e+03
   1.5451493e+03
   1.5456465e+03
   1.5496391e+03
   1.5502267e+03
   1.5543399e+03
   1.5560273e+03
   1.5575490e+03
   1.5585283e+03
   1.5596884e+03
   1.5602459e+03
   1.5648713e+03
   1.5689392e+03
   1.5697829e+03
   1.5761861e+03
   1.5775873e+03
   1.5897007e+03
   1.5916744e+03
   1.5944918e+03
   1.5962546e+03
   1.6012114e+03
   1.6028838e+03
   1.6033056e+03
   1.6072530e+03
   1.6094377e+03
   1.6167147e+03
   1.6207977e+03
   1.6225906e+03
   1.6235549e+03
   1.6278187e+03
   1.6349601e+03
   1.6356532e+03
   1.6375064e+03
   1.6382597e+03
   1.6403087e+03
   1.6423728e+03
   1.6459737e+03
   1.6474050e+03
   1.6483090e+03
   1.6524070e+03
   1.6532809e+03
   1.6545013e+03
   1.6563092e+03
   1.6569872e+03
   1.6613565e+03
   1.6628028e+03
   1.6682870e+03
   1.6693869e+03
   1.6714811e+03
   1.6724604e+03
   1.6751724e+03
   1.6755038e+03
   1.6798128e+03
   1.6804607e+03
   1.6821632e+03
   1.6831726e+03
   1.6839862e+03
   1.6848299e+03
   1.6878733e+03
   1.6883705e+03
   1.6901333e+03
   1.6954668e+03
   1.6959188e+03
   1.6975158e+03
   1.6989622e+03
   1.6999264e+03
   1.7004990e+03
   1.7007702e+03
   1.7011318e+03
   1.7027439e+03
   1.7044464e+03
   1.7063447e+03
   1.7072186e+03
   1.7102017e+03
   1.7129137e+03
   1.7140286e+03
   1.7151435e+03
   1.7158366e+03
   1.7174035e+03
   1.7186088e+03
   1.7215166e+03
   1.7234752e+03
   1.7297880e+03
   1.7300442e+03
   1.7303304e+03
   1.7320480e+03
   1.7333889e+03
   1.7343984e+03
   1.7346394e+03
   1.7376075e+03
   1.7393251e+03
   1.7398373e+03
   1.7430465e+03
   1.7436039e+03
   1.7445832e+03
   1.7457735e+03
   1.7462857e+03
   1.7470843e+03
   1.7477321e+03
   1.7486512e+03
   1.7494045e+03
   1.7509865e+03
   1.7514234e+03
   1.7528095e+03
   1.7568021e+03
   1.7585799e+03
   1.7618192e+03
   1.7681170e+03
   1.7682978e+03
   1.7703920e+03
   1.7712809e+03
   1.7727122e+03
   1.7756351e+03
   1.7791004e+03
   1.7806823e+03
   1.7819630e+03
   1.7838764e+03
   1.7849461e+03
   1.7883511e+03
   1.7899030e+03
   1.7909425e+03
   1.7926601e+03
   1.7951009e+03
   1.7957939e+03
   1.7961103e+03
   1.7969088e+03
   1.7996208e+03
   1.8013233e+03
   1.8024683e+03
   1.8051351e+03
   1.8076964e+03
   1.8106193e+03
   1.8122766e+03
   1.8174594e+03
   1.8227628e+03
   1.8252035e+03
   1.8291208e+03
   1.8301302e+03
   1.8332791e+03
   1.8371813e+03
   1.8421231e+03
   1.8433887e+03
   1.8441721e+03
   1.8443680e+03
   1.8453473e+03
   1.8477730e+03
   1.8488126e+03
   1.8585153e+03
   1.8609109e+03
   1.8615286e+03
   1.8640447e+03
   1.8663800e+03
   1.8678414e+03
   1.8687153e+03
   1.8693330e+03
   1.8708095e+03
   1.8793070e+03
   1.8845651e+03
   1.8895672e+03
   1.8951870e+03
   1.9017408e+03
   1.9043473e+03
   1.9079482e+03
   1.9099520e+03
   1.9180125e+03
   1.9223366e+03
   1.9231502e+03
   1.9331693e+03
   1.9416216e+03
   1.9425105e+03
   1.9427516e+03
   1.9453430e+03
   1.9463524e+03
   1.9549855e+03
   1.9588425e+03
   1.9611778e+03
   1.9662551e+03
   1.9674303e+03
   1.9883877e+03
   1.9918680e+03
   1.9926515e+03
   1.9989191e+03
   2.0076727e+03
   2.0168180e+03
   2.0183397e+03
   2.0190629e+03
   2.0290067e+03
   2.0412858e+03
   2.0439375e+03
   2.0604653e+03
   2.0648346e+03
   2.0658290e+03
   2.0900859e+03
   2.1149906e+03
   2.1361137e+03
   2.2612552e+03
   2.2649013e+03
   2.2667394e+03
   2.2702800e+03
   2.2720126e+03
   2.2737302e+03
   2.2754025e+03
   2.2770598e+03
   2.2902128e+03
   2.2916140e+03
   2.2944766e+03
   2.2960435e+03
   2.2971735e+03
   2.2982733e+03
   2.2997800e+03
   2.3004730e+03
   2.3026275e+03
   2.3036972e+03
   2.3047820e+03
   2.3056860e+03
   2.3069214e+03
   2.3076296e+03
   2.3090157e+03
   2.3095882e+03
   2.3104922e+03
   2.3110948e+03
   2.3124056e+03
   2.3131589e+03
   2.3142889e+03
   2.3151778e+03
   2.3161571e+03
   2.3171817e+03
   2.3179953e+03
   2.3191704e+03
   2.3198183e+03
   2.3211291e+03
   2.3225152e+03
   2.3230576e+03
   2.3242779e+03
   2.3249710e+03
   2.3259955e+03
   2.3268543e+03
   2.3276829e+03
   2.3287075e+03
   2.3293704e+03
   2.3305456e+03
   2.3323535e+03
   2.3341464e+03
   2.3359092e+03
   2.3376418e+03
   2.3393594e+03
   2.3410468e+03
   2.3419508e+03
   2.3427192e+03
   2.3433972e+03
   2.3443614e+03
   2.3459735e+03
   2.3469227e+03
   2.3475706e+03
   2.3482938e+03
   2.3489868e+03
   2.3499059e+03
   2.3503277e+03
   2.3509756e+03
   2.3514427e+03
   2.3522713e+03
   2.3529493e+03
   2.3535369e+03
   2.3544258e+03
   2.3558872e+03
   2.3566255e+03
   2.3573185e+03
   2.3587197e+03
   2.3601058e+03
   2.3614618e+03
   2.3627876e+03
   2.3640984e+03
   2.3653791e+03
   2.3666296e+03
   2.3678650e+03
   2.3690703e+03
   2.3702606e+03
   2.3714207e+03
   2.3725507e+03
   2.3736505e+03
   2.3747353e+03
   2.3757899e+03
   2.3768295e+03
   2.3778390e+03
   2.3788183e+03
   2.3797825e+03
   2.3807016e+03
   2.3816056e+03
   2.3824945e+03
   2.3833533e+03
   2.3841970e+03
   2.9305950e+03
   2.9636054e+03
   2.9944463e+03
   3.0102359e+03
   3.0125260e+03
   3.0156146e+03
   3.0257242e+03
   3.0307112e+03
   3.0317206e+03
   3.0342668e+03
   3.0490018e+03
   3.0563391e+03
   3.0643996e+03
   3.0669910e+03
   3.0795866e+03
   3.0813192e+03
   3.0959185e+03
   3.0995495e+03
   3.1011466e+03
   3.1158664e+03
   3.1189249e+03
   3.1224655e+03
   3.1267745e+03
   3.1330421e+03
   3.1781057e+03
   3.1852472e+03
   3.1978578e+03
   3.2097301e+03
   3.2141144e+03
   3.2193726e+03
   3.2274180e+03
   3.2299040e+03
   3.2366236e+03
   3.2400587e+03
   3.2449252e+03
   3.2541308e+03
   3.2572344e+03
   3.2737623e+03
   3.2765044e+03
   3.2913448e+03
   3.3086862e+03
   3.3132362e+03
   3.3346004e+03
   3.3368302e+03
   3.3556933e+03
   3.3616596e+03
   3.3657276e+03
   3.3676259e+03
   3.3843798e+03
   3.3856604e+03
   3.3929224e+03
   3.3972013e+03
   3.4035744e+03
   3.4204789e+03
   3.4217294e+03
   3.4310705e+03
   3.4424758e+03
   3.4451576e+03
   3.4472066e+03
   3.4613239e+03
   3.4625744e+03
   3.4668683e+03
   3.4750041e+03
   3.4806088e+03
   3.4822360e+03
   3.4857314e+03
   3.4880064e+03
   3.4951630e+03
   3.4966094e+03
   3.4997281e+03
   3.5015511e+03
   3.5023949e+03
   3.5032536e+03
   3.5041426e+03
   3.5047301e+03
   3.5088282e+03
   3.5095213e+03
   3.5115703e+03
   3.5174311e+03
   3.5189679e+03
   3.5227194e+03
   3.5231262e+03
   3.5240603e+03
   3.5248137e+03
   3.5256272e+03
   3.5270133e+03
   3.5274804e+03
   3.5280981e+03
   3.5290322e+03
   3.5307498e+03
   3.5313675e+03
   3.5362490e+03
   3.5428783e+03
   3.5436165e+03
   3.5441438e+03
   3.5451985e+03
   3.5455299e+03
   3.5468859e+03
   3.5471421e+03
   3.5483624e+03
   3.5503964e+03
   3.5521893e+03
   3.5537411e+03
   3.5571160e+03
   3.5601142e+03
   3.5611990e+03
   3.5623139e+03
   3.5635795e+03
   3.5646793e+03
   3.5656587e+03
   3.5660504e+03
   3.5667284e+03
   3.5679035e+03
   3.5682651e+03
   3.5687774e+03
   3.5705251e+03
   3.5744725e+03
   3.5750300e+03
   3.5768379e+03
   3.5771995e+03
   3.5793088e+03
   3.5800772e+03
   3.5826987e+03
   3.5836479e+03
   3.5852299e+03
   3.5865256e+03
   3.5869475e+03
   3.5877611e+03
   3.5887102e+03
   3.5902169e+03
   3.5931850e+03
   3.5953093e+03
   3.5962133e+03
   3.5981117e+03
   3.5985938e+03
   3.5994827e+03
   3.5999799e+03
   3.6009743e+03
   3.6024659e+03
   3.6030233e+03
   3.6069707e+03
   3.6072419e+03
   3.6092307e+03
   3.6125453e+03
   3.6130274e+03
   3.6145039e+03
   3.6152271e+03
   3.6176377e+03
   3.6179842e+03
   3.6195964e+03
   3.6211633e+03
   3.6231671e+03
   3.6252312e+03
   3.6261954e+03
   3.6283198e+03
   3.6296155e+03
   3.6307907e+03
   3.6338190e+03
   3.6380678e+03
   3.6399209e+03
   3.6417590e+03
   3.6425425e+03
   3.6452695e+03
   3.6464447e+03
   3.6471227e+03
   3.6475295e+03
   3.6492621e+03
   3.6506181e+03
   3.6513413e+03
   3.6529082e+03
   3.6562830e+03
   3.6599140e+03
   3.6687580e+03
   3.6699332e+03
   3.6707317e+03
   3.6742572e+03
   3.6749352e+03
   3.6760049e+03
   3.6774212e+03
   3.6794250e+03
   3.6803591e+03
   3.6845175e+03
   3.6884197e+03
   3.6903030e+03
   3.6906193e+03
   3.6912823e+03
   3.6932710e+03
   3.6937682e+03
   3.6964500e+03
   3.6979718e+03
   3.6992675e+03
   3.6997496e+03
   3.7017836e+03
   3.7032751e+03
   3.7054296e+03
   3.7067103e+03
   3.7093770e+03
   3.7110795e+03
   3.7121794e+03
   3.7128423e+03
   3.7147859e+03
   3.7165637e+03
   3.7189442e+03
   3.7200742e+03
   3.7221985e+03
   3.7228162e+03
   3.7232532e+03
   3.7242023e+03
   3.7249406e+03
   3.7256789e+03
   3.7265979e+03
   3.7277128e+03
   3.7283908e+03
   3.7300933e+03
   3.7321122e+03
   3.7342516e+03
   3.7346434e+03
   3.7349146e+03
   3.7354569e+03
   3.7367075e+03
   3.7383798e+03
   3.7390729e+03
   3.7403686e+03
   3.7408055e+03
   3.7412876e+03
   3.7439393e+03
   3.7445721e+03
   3.7450693e+03
   3.7463048e+03
   3.7474197e+03
   3.7493180e+03
   3.7509452e+03
   3.7514725e+03
   3.7521957e+03
   3.7538078e+03
   3.7553898e+03
   3.7565951e+03
   3.7580565e+03
   3.7590359e+03
   3.7598344e+03
   3.7624559e+03
   3.7636763e+03
   3.7657404e+03
   3.7698837e+03
   3.7715410e+03
   3.7779442e+03
   3.7794810e+03
   3.7819217e+03
   3.7845734e+03
   3.7852514e+03
   3.7862156e+03
   3.7964307e+03
   3.7977716e+03
   3.7990371e+03
   3.8004383e+03
   3.8014026e+03
   3.8029544e+03
   3.8069922e+03
   3.8160772e+03
   3.8186687e+03
   3.8198890e+03
   3.8207177e+03
   3.8217422e+03
   3.8232488e+03
   3.8242583e+03
   3.8255239e+03
   3.8267292e+03
   3.8279797e+03
   3.8285823e+03
   3.8316710e+03
   3.8349705e+03
   3.8378482e+03
   3.8399123e+03
   3.8410272e+03
   3.8437241e+03
   3.8448390e+03
   3.8464059e+03
   3.8490425e+03
   3.8495849e+03
   3.8520407e+03
   3.8535775e+03
   3.8539843e+03
   3.8544062e+03
   3.8571482e+03
   3.8617736e+03
   3.8633104e+03
   3.8642897e+03
   3.8650882e+03
   3.8660826e+03
   3.8691712e+03
   3.8701053e+03
   3.8710696e+03
   3.8714613e+03
   3.8737213e+03
   3.8739171e+03
   3.8743842e+03
   3.8801998e+03
   3.8810134e+03
   3.8832432e+03
   3.8839966e+03
   3.8856388e+03
   3.8860607e+03
   3.8912736e+03
   3.8919817e+03
   3.8928255e+03
   3.8940609e+03
   3.8979631e+03
   3.8982192e+03
   3.8994095e+03
   3.9018201e+03
   3.9022269e+03
   3.9041855e+03
   3.9053607e+03
   3.9060538e+03
   3.9163140e+03
   3.9172782e+03
   3.9200655e+03
   3.9234554e+03
   3.9237869e+03
   3.9243594e+03
   3.9251429e+03
   3.9293464e+03
   3.9305517e+03
   3.9321186e+03
   3.9325556e+03
   3.9340773e+03
   3.9382808e+03
   3.9426350e+03
   3.9443525e+03
   3.9474412e+03
   3.9481643e+03
   3.9499572e+03
   3.9530911e+03
   3.9568727e+03
   3.9581986e+03
   3.9597203e+03
   3.9616940e+03
   3.9620254e+03
   3.9691217e+03
   3.9721048e+03
   3.9726472e+03
   3.9738977e+03
   3.9762481e+03
   3.9820336e+03
   3.9906817e+03
   3.9950058e+03
