# Optimal degree: N = 48
# Polynomial coefficients (highest degree first):
-7.709132833141e-161
6.379932605672e-156
-2.558524101490e-151
6.624056951539e-147
-1.244560079893e-142
1.808507384675e-138
-2.115312502543e-134
2.046454377452e-130
-1.670036082133e-126
1.166624402401e-122
-7.055606540456e-119
3.727316456502e-115
-1.732162606265e-111
7.121566021315e-108
-2.602190235497e-104
8.481449727758e-101
-2.473056280034e-97
6.465758561100e-94
-1.518361274519e-90
3.206539897392e-87
-6.094629167056e-84
1.042971679600e-80
-1.606979839233e-77
2.228426466063e-74
-2.779175404789e-71
3.113766551339e-68
-3.129476106762e-65
2.816247867383e-62
-2.264168530631e-59
1.621905988705e-56
-1.031959081459e-53
5.810870257939e-51
-2.883638625132e-48
1.255067853371e-45
-4.764471913001e-43
1.567540820527e-40
-4.437055263471e-38
1.071420262424e-35
-2.185397401026e-33
3.722077388069e-31
-5.221285311895e-29
5.934220692354e-27
-5.355534036640e-25
3.742075103922e-23
-1.958673673336e-21
7.337579691335e-20
-1.836354045522e-18
2.719482954880e-17
-1.783436273726e-16
